0.788197360840408 -0.902001072780355 -0.144578174726039 -0.565377790585385 0.180267240421668 -0.305327804284239 -0.398071681122521 0.446524515485007 0.357304289299587 0.568645501064347 -0.583518203800816 -0.814854932202973 0.14604334465252 -0.377727892942128 0.218414785556997 
0.808191258494874 -0.899721027801438 -0.148085629324819 -0.565380002378117 0.180950100346388 -0.305327804273051 -0.396875167625263 0.472430848205858 0.357221580941242 0.567649287181026 -0.601888354935553 -0.798459920573821 0.146002681369517 -0.377681073706568 0.21805876125381 
0.813435474732303 -0.89925432413968 -0.148803567019277 -0.565380455119575 0.181089875317265 -0.305327804270761 -0.396569937152467 0.479016514730489 0.357204651090998 0.567445366357993 -0.606601168885626 -0.794196468555857 0.145994357825553 -0.377671486778306 0.217985880752777 
0.861110952074095 -0.876587063593739 -0.183645436700925 -0.565402489378261 0.0976113543494523 -0.337629588275712 -0.395596876012737 0.50427029180326 0.356381145557704 0.557512890542287 -0.61671434536068 -0.795590311369254 0.14558926322337 -0.377187172159168 0.214415539214689 
0.821253433789557 -0.902496537971271 -0.143815821067681 -0.565377310224107 0.180118851443738 -0.305327804286668 -0.396372899005547 0.482557603111809 0.357322254743005 0.568861812672651 -0.610463256698689 -0.788944339058612 0.146052175980303 -0.377737954202819 0.218491966619335 
0.780362496763486 -0.900564757388993 -0.146783124937224 -0.565379191397757 0.0904301910633738 -0.310340856463205 -0.395949541309863 0.491951603686705 0.357251980889527 0.568013240919644 -0.61670107660684 -0.783943831922623 0.146017591050423 -0.37769529620673 0.218185424020668 
0.819452757145292 -0.902048541556408 -0.144505011479186 -0.565377744768205 0.180253023723155 -0.30532780428447 -0.396437855530902 0.48126579586027 0.357306004875165 0.568666096953118 -0.609333695020268 -0.790237777836345 0.146044186990472 -0.377728772166952 0.218422041215161 
0.774674046602527 -0.903411673795971 -0.142408214319285 -0.565376422201754 0.179844773801307 -0.30532780429116 -0.398872350552613 0.429211883521372 0.357355458913614 0.569261836413278 -0.571198836797641 -0.825907187536473 0.146068502059932 -0.377756862192503 0.218635053685542 
0.875944775113153 -0.872182262718288 -0.190417194840569 -0.565406769313012 0.0989305635527803 -0.342642640440115 -0.39553208994854 0.506533285428233 0.356221169528953 0.555583933031624 -0.616716782885282 -0.797729817499431 0.145510577641525 -0.37709382768373 0.21372299588523 
0.775197395126077 -0.90338528703587 -0.142448804485528 -0.565376447800763 0.179852676478429 -0.305327804291031 -0.398843212570459 0.429836925002345 0.35735450167853 0.569250305985391 -0.571652935179942 -0.825487373045325 0.146068031428245 -0.377756319477108 0.218630932004971 
0.775308168627393 -0.903374965416432 -0.142464682420651 -0.565376457813556 0.179855767742074 -0.30532780429098 -0.398836734829523 0.429976772617309 0.35735412725896 0.569245796095683 -0.571752856199472 -0.825397186318149 0.146067847345422 -0.377756107468282 0.218629320205345 
0.875944775113153 -0.872182262718288 -0.190417194840569 -0.565406769313012 0.0989305635527803 -0.342642640440115 -0.39553208994854 0.506533285428233 0.356221169528953 0.555583933031624 -0.616716782885282 -0.797729817499431 0.145510577641525 -0.37709382768373 0.21372299588523 
0.815972444864908 0.726804807654957 -0.159913480821957 -0.854471485062722 0.999489003442921 0.560362629387697 0.637433963658956 -0.398189943003557 -0.3480094696153 0.85919091378301 0.944887400579121 0.770629528803113 -0.224156151164396 -0.777780819580788 -0.887581178866132 
-0.27401091462188 0.344712514125143 0.382080350714773 -0.63600012829341 -0.426909538068301 -0.103012063122826 0.181344186505929 0.838530755526633 -0.943967185888424 -0.369113092016947 0.331062956401642 0.335508891071896 0.534846039272307 -0.857402775370238 -0.721617972348639 
