0.889337373685598 -0.885981049890803 -0.169412617100691 -0.565393019044999 0.0947980385635206 -0.342642640509665 -0.395740229978255 0.499231745461797 0.356731753381909 0.561841418771532 -0.616708951780716 -0.790787937527794 0.145763373046622 -0.377528147542467 0.216124998967619 
0.913254728594435 -0.91062380225371 -0.131303133604945 -0.565369443120724 0.0874175634531809 -0.342642640628914 -0.396097102555175 0.48679958130292 0.357616605789333 0.572402262878055 -0.616695524731291 -0.779075844790909 0.146196810803762 -0.377897853918557 0.219749572371413 
0.91981126495229 -0.917379193995015 -0.120937967576681 -0.565362845976407 0.0853943794178871 -0.342642640662283 -0.396196964595165 0.483308351369226 0.357862867217937 0.575381430749965 -0.616691767500746 -0.775771362308583 0.146318097732027 -0.378054782192995 0.220834249303276 
0.875944775113153 -0.872182262718288 -0.190417194840569 -0.565406769313012 0.0989305635527803 -0.342642640440115 -0.39553208994854 0.506533285428233 0.356221169528953 0.555583933031624 -0.616716782885282 -0.797729817499431 0.145510577641525 -0.37709382768373 0.21372299588523 
0.922386922616986 -0.920032969642224 -0.116842493287166 -0.565360293106053 0.0845995817361952 -0.342642640675196 -0.396235607806394 0.481960868953556 0.357958541743457 0.576527487620545 -0.616690313580381 -0.774500315033621 0.146365031645942 -0.378100386035176 0.221234065947021 
0.924159013017318 -0.921858806364825 -0.113928442765148 -0.565358694499699 0.0840526930448144 -0.342642640683281 -0.396259806169194 0.481131569330147 0.358020023406357 0.577217111690651 -0.616689403136054 -0.773736124287661 0.146394421643317 -0.378066408656036 0.221402070294249 
0.918415556210082 -0.915941154335693 -0.123199325952402 -0.565364160376005 0.085825092445069 -0.342642640655635 -0.39617706831597 0.483995797792936 0.357812920927857 0.574803610810237 -0.616692516082569 -0.776411918331626 0.146293932808221 -0.378058629582284 0.220664386716662 
0.926189887003831 -0.923951275407521 -0.110738956182454 -0.565356616467882 0.083426028158936 -0.342642640693792 -0.396291261672734 0.480028739823002 0.358097254238965 0.578161570246959 -0.616688219647526 -0.772688395874222 0.146432625763738 -0.378129337602762 0.221761509929491 
0.90024165810848 -0.897216054001918 -0.152037926260895 -0.565382270423974 0.0914331681551542 -0.342642640564032 -0.395902933592275 0.493563733489024 0.357135170998933 0.566656267584128 -0.616702830185479 -0.785448217024547 0.145960983886177 -0.377696702279945 0.217777496890455 
0.925781984467483 -0.923531001458762 -0.11139781191326 -0.565357003945378 0.0835519049069029 -0.342642640691832 -0.396285396363238 0.480231717752756 0.358082565316147 0.577990608085751 -0.616688440325173 -0.772877934694224 0.146425502082186 -0.378129079650479 0.221709601898398 
0.914509027108897 -0.911916142807206 -0.129464147896552 -0.565367945217965 0.0870306020938847 -0.342642640636491 -0.396119776551385 0.485985550381261 0.357670208534014 0.573119965417596 -0.616694671640055 -0.778278828326853 0.146224349389516 -0.378025543654145 0.220117097059759 
0.918451665184103 -0.915978358470861 -0.123158577904136 -0.565364097274334 0.0858139596442901 -0.342642640655954 -0.396178023496161 0.483959982399232 0.357815014023055 0.574836791318944 -0.616692480144667 -0.776375007552453 0.146295092917422 -0.378070579923061 0.220688523866035 
0.507457496369005 0.994687451047212 0.977602674615384 -0.0499509419547165 -0.810599833638687 -0.440270111635453 0.671650431897328 -0.690327723366361 -0.119889835417219 -0.458221646704814 -0.680765900612234 -0.25692851527451 0.353252727237182 -0.685559384378399 0.421549808895937 
0.0578677640565985 -0.824404589750061 0.680374554209586 -0.948180986544202 0.838744657039058 0.931513873828349 -0.495024308327131 0.454261471263255 -0.331493022540348 0.86139859811468 0.883548384478105 -0.471940637320252 -0.774887586838979 0.988482078531981 0.321242219452393 
