0.766270839763482 -0.905734233705449 -0.138835996291688 -0.565374168120605 0.0888819666630506 -0.305327804302561 -0.396025579468156 0.489295540307212 0.357439738292741 0.570277281741516 -0.616698215731067 -0.781432666248009 0.146109942805418 -0.377804987696698 0.218998426449162 
0.774772608279306 -0.914493855201252 -0.125328004457784 -0.565365724511276 0.0862584929159029 -0.30532780434527 -0.396153391747528 0.484837180556644 0.357756011697107 0.574070891120577 -0.616693406894795 -0.777225251381522 0.146265176553508 -0.377962581688383 0.220329721025819 
0.751342021090117 -0.890352633898919 -0.162477016134858 -0.565389123540976 0.0934886522198137 -0.305327804226916 -0.39579919685238 0.497204038402307 0.356880829477542 0.563535172245821 -0.616706733198554 -0.788910726850355 0.145834990961025 -0.377474947098621 0.216573373381947 
0.73576063276406 -0.874298672436507 -0.187175136788785 -0.565404693853865 0.098296719392564 -0.30532780414816 -0.395563506509155 0.505434165302458 0.35629855871874 0.55652268793374 -0.616715600861951 -0.796688519369063 0.145548734464017 -0.377146564843976 0.214068670099913 
0.73780935418186 -0.8764095302112 -0.183941583575669 -0.565402623839237 0.0976645379855244 -0.30532780415863 -0.395594840655213 0.504337928480807 0.356375744894712 0.557458980215241 -0.616714421939402 -0.795649952859309 0.145586791190332 -0.377199163659678 0.214413437512996 
0.762354597614703 -0.901699214539099 -0.145058059431598 -0.56537805796297 0.0900904396135264 -0.305327804282886 -0.395966698295463 0.491349474618342 0.357294039825592 0.568529554361825 -0.61670043108878 -0.783371036665308 0.146038428979249 -0.377732232078669 0.218384915855451 
0.760064954366261 -0.899340127935007 -0.148646827919394 -0.565380412431762 0.0907969485375658 -0.305327804270977 -0.395931058320749 0.492600048856277 0.357206647490516 0.567457449669762 -0.616701772014738 -0.78456041398175 0.145995142630834 -0.377656456447036 0.21797176634706 
0.735188392298348 -0.873709076298375 -0.188078319613205 -0.565405272041863 0.0984732977109415 -0.305327804145235 -0.395554754383963 0.505740361676403 0.356276999392567 0.556261166612904 -0.616715930153763 -0.796978607507963 0.145538104615273 -0.377131873158453 0.213972371079797 
0.740551903371384 -0.879235259092096 -0.179612942957738 -0.565399852785597 0.0968182596235933 -0.305327804172646 -0.39563678654211 0.502870435936127 0.356479071234016 0.558712360794699 -0.616712843758469 -0.794259661473254 0.145637736352033 -0.377269575789957 0.214874965166835 
0.750287405133833 -0.889266032142674 -0.164212124748893 -0.565390073464913 0.0938141200702249 -0.305327804222111 -0.395784817700191 0.497696678818996 0.356844280017921 0.563125666307727 -0.616707274202822 -0.789364504496043 0.145817526835514 -0.37749576726536 0.216474371736496 
0.747748815152713 -0.88665044841721 -0.168233048931846 -0.565392615174341 0.0945974702815929 -0.305327804209255 -0.395746343433703 0.499040619382095 0.356749278305706 0.561980075493605 -0.616708721766773 -0.79063513936805 0.145770798112567 -0.377440226571685 0.216062953198696 
0.875944775113153 -0.872182262718288 -0.190417194840569 -0.565406769313012 0.0989305635527803 -0.342642640440115 -0.39553208994854 0.506533285428233 0.356221169528953 0.555583933031624 -0.616716782885282 -0.797729817499431 0.145510577641525 -0.37709382768373 0.21372299588523 
0.872455778472338 0.836315893491877 0.902496450535253 0.221324952887988 -0.368180392015809 -0.0503534008983305 0.369891679552333 0.793731707052203 0.424677801981884 0.579691452709814 0.517278535066768 0.564403235709482 0.862053854326743 -0.147604147506693 -0.483141341937306 
0.561203443240935 0.267803099596781 -0.11958832439016 -0.413333051564793 0.476490873599654 0.405055495633304 0.813640111039225 -0.158659061025204 -0.787789534678585 -0.58626458215819 -0.918517985343243 -0.392330568932151 0.0898132534184555 -0.369180977982087 0.0542490598998262 
