0.862988105179288 -0.877016083387336 -0.182986566222886 -0.565402071394872 0.112601457055938 -0.336392888008959 -0.395855804329525 0.498676469587881 0.356396757915527 0.557701472708335 -0.612724535445426 -0.799181985403009 0.145596947748513 -0.377196729789635 0.214483755275059 
0.859778630402901 -0.878230053909365 -0.181120435374388 -0.565400891547508 0.116047969798747 -0.334817866068496 -0.395934187009268 0.496765305306897 0.356440855564745 0.558233278448126 -0.611767963913383 -0.799502811750315 0.145618638961511 -0.377222575848291 0.214674818257995 
0.859941098387883 -0.878170354300879 -0.181212206868286 -0.565400949568217 0.115879912256704 -0.334894729141051 -0.395930026002325 0.496865807028508 0.356438686990671 0.558207126272007 -0.611819844366527 -0.799482423768039 0.145617572264582 -0.377221305152323 0.214665422881561 
0.875944775113153 -0.872182262718288 -0.190417194840569 -0.565406769313012 0.0989305635527803 -0.342642640440115 -0.39553208994854 0.506533285428233 0.356221169528953 0.555583933031624 -0.616716782885282 -0.797729817499431 0.145510577641525 -0.37709382768373 0.21372299588523 
0.860420326071294 -0.87798505941029 -0.181497043391214 -0.565401129656553 0.115350621687451 -0.335136468766986 -0.395918763398731 0.497142601126083 0.356431956076957 0.558125952726058 -0.611954773226832 -0.799444009390645 0.145614261383381 -0.377217359363256 0.21463625865067 
0.861184440920421 -0.877694248665681 -0.181944080861774 -0.565401412293777 0.114523603688698 -0.335514346942828 -0.395900295989796 0.497593845857031 0.356421392314009 0.557998556363262 -0.612179035905723 -0.799371810985595 0.145609065165297 -0.377211167522622 0.21459048832642 
0.875166156503225 -0.872473526875119 -0.189969459005238 -0.565406486237373 0.0997549290856389 -0.342265802610667 -0.395551458453469 0.506062784332775 0.356231749700199 0.555711526610824 -0.616478392904165 -0.797815255941118 0.145515781919788 -0.377100028245482 0.213768836043176 
0.860498251095893 -0.877960468808521 -0.181534845708854 -0.56540115355376 0.115284631950247 -0.335166792176318 -0.39591632951429 0.497199310644596 0.356431062880049 0.558115181656337 -0.61198751425255 -0.799424776911774 0.145613822038928 -0.377216836721542 0.214632389896155 
0.859889056811212 -0.878189477217634 -0.181182810718414 -0.565400930983084 0.115933744274504 -0.334870108441262 -0.395931358851759 0.496833614421138 0.356439381626072 0.558215503309974 -0.611803226073512 -0.799488954425405 0.145617913947838 -0.377221712180339 0.214668432398809 
0.859771674062636 -0.878232610048596 -0.181116506023395 -0.565400889063254 0.116055165465306 -0.334814575046658 -0.395934365169785 0.496761002156508 0.356440948415894 0.558234398197569 -0.611765742564449 -0.799503684696096 0.145618684633936 -0.377222630255278 0.214675220536853 
0.859882100470947 -0.878192033356866 -0.181178881367421 -0.565400928498829 0.115940939941063 -0.334866817419425 -0.395931537012276 0.496829311270749 0.356439474477222 0.558216623059417 -0.611801004724578 -0.799489827371185 0.145617959620262 -0.377221766587326 0.214668834677667 
0.874841804439615 -0.872593754441571 -0.189784642997149 -0.56540636939035 0.100094334389886 -0.3421106137941 -0.395559646988324 0.505864453274329 0.356236116953098 0.555764194177072 -0.616376932300977 -0.7978534371192 0.145517930124498 -0.377102587496679 0.21378775753316 
0.503906704254405 -0.576181000832553 0.69474756889732 0.7789557360946 0.371802024250758 -0.856362560697069 -0.593015961159494 -0.895967304658129 -0.55633374096655 -0.740709571047085 -0.512844912480956 -0.306281572816093 0.884135458564449 0.679359531812072 0.981000851830934 
-0.930630019833627 0.828456502327908 0.768887869906094 0.455199921249971 0.324086819460656 -0.844185432346624 -0.0398216839133863 -0.512470730353366 -0.0629630270707249 0.0522467601356313 0.873237349965254 0.460139665501257 0.700788505236054 -0.633996072986161 0.838275882340165 
