0.850458211031129 -0.881527541384435 -0.176051351593225 -0.565397686984653 0.125005541388235 -0.330706721742781 -0.396196606298165 0.490521062843633 0.356560630750051 0.559677665164323 -0.608387633913133 -0.801119450230848 0.145677554086983 -0.377292683128563 0.215193638940476 
0.847573637316701 -0.882889430965598 -0.173958001278408 -0.565396363107994 0.129330520352617 -0.328750244627829 -0.39622667568865 0.489607689647116 0.356610108958281 0.560274437969108 -0.608228472033031 -0.800608450783016 0.145701893244297 -0.377321789470684 0.215408164316344 
0.875944775113153 -0.872182262718288 -0.190417194840569 -0.565406769313012 0.0989305635527803 -0.342642640440115 -0.39553208994854 0.506533285428233 0.356221169528953 0.555583933031624 -0.616716782885282 -0.797729817499431 0.145510577641525 -0.37709382768373 0.21372299588523 
0.852137713930769 -0.880842723476859 -0.177104097306423 -0.565398352495919 0.123155835411429 -0.331556140788013 -0.396155052269745 0.49154252510646 0.356535756220526 0.559377701934541 -0.608885207770551 -0.800978480347101 0.145665318820731 -0.377278126726317 0.215085896484745 
0.847917596999471 -0.882510648516154 -0.17454008517218 -0.565396731546959 0.127737681148956 -0.329455590765643 -0.396259636675757 0.488982847700817 0.35659634127561 0.560108313982575 -0.607620012837684 -0.801372584920361 0.145695119581605 -0.377313599262205 0.215348342939791 
0.872855060810963 -0.873300647964723 -0.18869798374975 -0.565405682388949 0.102062460850156 -0.341209508789678 -0.395613184614164 0.504583657858736 0.356261794346865 0.556073850055543 -0.615695215604751 -0.798159076507558 0.145530560481757 -0.377117628409967 0.213898998173146 
0.856520464581824 -0.879213288954279 -0.179608917171236 -0.565399936075871 0.118620068700016 -0.333632877242713 -0.396041913127464 0.49427643329679 0.356476568249105 0.558663926673894 -0.610294428536336 -0.800428468396158 0.14563620508018 -0.377243457277949 0.21482948106811 
0.875174827273202 -0.872472838342119 -0.189970518340619 -0.565406486905055 0.0997555703339876 -0.34226562277434 -0.395550939907752 0.506073951509197 0.356231724730356 0.555711225922407 -0.616486423544306 -0.797807939057142 0.145515769644615 -0.37710001420634 0.213768728693086 
0.854250406169192 -0.880062115933035 -0.178304071846177 -0.565399111137421 0.120980798045776 -0.33255190520043 -0.396100260369297 0.492864813852118 0.356507401207271 0.559035755251621 -0.609569647819921 -0.800706100762444 0.145651371377253 -0.37726151719543 0.214963055525561 
0.847238085523648 -0.88299812785928 -0.173790904419524 -0.565396257477276 0.129620329379994 -0.328616985571784 -0.396237051757238 0.489365151234639 0.35661405708964 0.56032204817168 -0.608089786469278 -0.80068771150978 0.145703835239908 -0.377324099192247 0.215425264418149 
0.853430750279633 -0.880331674200714 -0.177889706080417 -0.565398849151808 0.121751965997391 -0.332199745592276 -0.396123007793088 0.492326805727292 0.356517193067017 0.559153843697813 -0.609272861255805 -0.800857727404285 0.145656187920412 -0.377267258004186 0.215005483356026 
0.850851151835567 -0.881374393610751 -0.176286776292205 -0.565397835821078 0.124581609466705 -0.330900928028759 -0.396186861332922 0.490759113595028 0.356555067816294 0.55961057961839 -0.608506047036441 -0.801081127563825 0.145674817764715 -0.377289425250156 0.215169539947543 
-0.702943650867298 0.154887234398577 0.479744241330654 0.737805951264596 0.981913321643096 0.936412052221788 -0.255769291546088 0.628025198182103 0.0678575462977671 0.582479270911999 0.761561612487566 -0.122104341686752 -0.889197361603937 -0.381081324713808 0.803188290355349 
0.118973841480433 -0.916297864129906 -0.674971473251922 0.262658521189661 -0.702283747355586 0.119967222735271 -0.684544481190175 0.299659410165464 0.744743297689009 0.67063417456608 -0.364261482546228 0.45784691695955 -0.782192096012734 -0.595103649233982 0.194182091017338 
