0.877749863036706 -0.866265237697124 -0.190685626943495 -0.565064259627177 0.0990525054390387 -0.342642642172556 -0.400716714431456 0.510046125780002 0.356214080638143 0.563316977750558 -0.61652171547555 -0.802019403060184 0.151807536704291 -0.380583688593126 0.218830752584979 
0.875944775113153 -0.872182262718288 -0.190417194840569 -0.565406769313012 0.0989305635527803 -0.342642640440115 -0.39553208994854 0.506533285428233 0.356221169528953 0.555583933031624 -0.616716782885282 -0.797729817499431 0.145510577641525 -0.37709382768373 0.21372299588523 
0.876250381493092 -0.866888164552975 -0.189255054172177 -0.564952193508817 0.0990324626810027 -0.342761248438098 -0.400142411351866 0.510726450110571 0.356211671305593 0.562502865274315 -0.618103479459782 -0.80156768585053 0.151144612347204 -0.381258985404453 0.218292822179455 
0.877726471816631 -0.866341913427237 -0.190682148467841 -0.565068698036705 0.0990509252559016 -0.342642642150107 -0.400649529508937 0.510000604661234 0.356214172499488 0.563216769141046 -0.616524243255305 -0.801963816493696 0.15172593760138 -0.380538465253312 0.218764563753126 
0.876503441488479 -0.870350970802724 -0.190500273336639 -0.565300764147168 0.0989683040033741 -0.342642640976298 -0.397136707280196 0.507620493292633 0.356218975549988 0.557977274656144 -0.616656410422912 -0.799057424418521 0.147459457388194 -0.378173923516849 0.215303822993018 
0.873931537341761 -0.879527467657218 -0.190075652562301 -0.565745738066612 0.0988122910531847 -0.342642638697896 -0.389075843006421 0.504140505184964 0.35622829842993 0.545984379291799 -0.616912951454262 -0.792271846727746 0.137693735217054 -0.37471798085322 0.207382284270164 
0.87070287163179 -0.87179867336878 -0.184695618858104 -0.564778364210297 0.0989089819694819 -0.34312803844054 -0.395751639704531 0.511058746448487 0.356207795527572 0.556085249605516 -0.62309347524272 -0.798007402334925 0.14591880077479 -0.381587323198639 0.214053299660126 
0.876526832708553 -0.870274295072611 -0.190503751812293 -0.56529632573764 0.0989698841865112 -0.342642640998748 -0.397203892202714 0.507666014411401 0.356218883688643 0.558077483265656 -0.616653882643156 -0.799113010985009 0.147541056491105 -0.378219146856663 0.21537001182487 
0.669819456713216 -0.867557563255316 -0.190626999226693 -0.565139066480173 0.0990258723564233 -0.342642641794177 -0.399584351004746 0.509278893369762 0.378231065587688 0.553024425054662 -0.616564319756969 -0.801082523287937 0.150432230514679 -0.37982147507677 0.467545993404686 
0.669361526425393 -0.869058645244533 -0.190558901053441 -0.565225957294172 0.0989949370859894 -0.342642641354677 -0.398269070706906 0.508387725702873 0.378232863958707 0.551062639510763 -0.616613806141492 -0.799994304190768 0.148834763577806 -0.378936137033204 0.466250213589682 
0.668047787678235 -0.873569763362335 -0.19035196598919 -0.56546342263639 0.0989110547039982 -0.342642640145959 -0.39431078208383 0.506249696950668 0.378237809853403 0.545166994588009 -0.616749904052267 -0.79668743040823 0.144033985264216 -0.376812445890022 0.462356049461789 
0.667020496907316 -0.877273620651934 -0.190180184133338 -0.565638935889891 0.0988496541292287 -0.34264263924571 -0.391056262170997 0.504938429235807 0.378241493537635 0.54032637035781 -0.616851269322938 -0.793942297217104 0.14009230232852 -0.375510333665179 0.459158718746561 
0.754025975476962 0.292602884253768 0.836113135254063 -0.978542218906126 0.72700584760262 -0.488527400180943 -0.822578542783194 0.516765325105174 0.656785632440255 -0.420368253565565 -0.576280330110472 0.128879996542297 -0.987562069663574 0.624512624752015 0.275904799125113 
-0.749462611507374 -0.0949958996358309 0.247171125955494 -0.68166249416846 0.324552945478146 0.773570551431538 0.607047691758279 0.980076570054552 0.0402249141085078 0.310569119667899 0.363878184633273 0.985019605599819 -0.592208093773671 0.957643812502569 0.767809442718425 
