0.789680648983883 -0.901831777658797 -0.144838605976765 -0.565377954812715 0.180317943304743 -0.305327804283408 -0.397982905803374 0.448446661337206 0.357298148139598 0.568571531410776 -0.584881147743711 -0.813638594039486 0.146040325372149 -0.377724416581141 0.218388350480546 
0.798025260447189 -0.900906415326882 -0.146262114752149 -0.565378852476365 0.180595083824685 -0.305327804278868 -0.397485250023333 0.459217062735528 0.357264580685803 0.568167214301297 -0.59252700117671 -0.80680335856124 0.146023822039561 -0.377705414175857 0.218243855931527 
0.811628161997778 -0.899415164088484 -0.148556144357997 -0.565380299091416 0.181041704709228 -0.30532780427155 -0.396675128642572 0.476746898369068 0.357210485620422 0.56751564353262 -0.604976993168648 -0.795665780799335 0.145997226366117 -0.377674790718637 0.2180109975389 
0.813346860018226 -0.900822934450468 -0.146390470796118 -0.565378933564517 0.18062008581336 -0.305327804278457 -0.396677344375366 0.476417613590648 0.357261549502541 0.568130672656954 -0.605267684466631 -0.794705948703016 0.146022331253181 -0.377703655951319 0.218230748477018 
0.813562112901384 -0.90099924618507 -0.146119237878742 -0.565378762543431 0.180567281491804 -0.305327804279322 -0.396677621877793 0.476376373362818 0.357267944836521 0.568207700029223 -0.605304091176394 -0.794585737575976 0.146025475435147 -0.377707271085848 0.218258270486378 
0.80688450822081 -0.899964564519863 -0.147710986548357 -0.56537976613761 0.180877162543999 -0.305327804274246 -0.396959561022932 0.470587023891764 0.357230415040374 0.567755691238508 -0.600611794432806 -0.799557948432371 0.146007024595018 -0.377686072074507 0.218096784912811 
0.809556124493906 -0.90207695391338 -0.144461346859061 -0.565377717136107 0.180244514416061 -0.30532780428461 -0.396958032207986 0.470196158481069 0.357307037463847 0.568678555108028 -0.601124639792181 -0.798044669795547 0.146044695000026 -0.377729384691079 0.218426525415098 
0.800862911565356 -0.901575737857198 -0.145232439182862 -0.565378203253146 0.180394625680938 -0.305327804282151 -0.397380484145084 0.461311238431964 0.357288858535054 0.568459619854136 -0.594336512154696 -0.804754776901456 0.146035757853937 -0.37771913201859 0.218348326236802 
0.790411609142404 -0.901753278061734 -0.144959363831856 -0.565378030962767 0.180341453467562 -0.305327804283023 -0.39793948047001 0.449386033756834 0.357295300567585 0.568537232599895 -0.585548843138629 -0.813040567438143 0.146038925371551 -0.377722804514703 0.218376092720533 
0.798556934539447 -0.900848129258608 -0.14635177768941 -0.565378909017813 0.180612540155784 -0.305327804278582 -0.397453586150141 0.459902222398945 0.357262466361541 0.568141747433387 -0.593013613401779 -0.806368042498377 0.146022782538504 -0.377704217247484 0.218234754581049 
0.811238264212248 -0.899460321265132 -0.148486677829896 -0.565380255286046 0.1810281804031 -0.305327804271772 -0.396698507152145 0.476240596364165 0.357212123690372 0.567535373907843 -0.604618201949785 -0.795985691908447 0.14599803171742 -0.377675717973424 0.21801804870846 
0.875944775113153 -0.872182262718288 -0.190417194840569 -0.565406769313012 0.0989305635527803 -0.342642640440115 -0.39553208994854 0.506533285428233 0.356221169528953 0.555583933031624 -0.616716782885282 -0.797729817499431 0.145510577641525 -0.37709382768373 0.21372299588523 
0.362346848176022 -0.548303039534159 -0.538710119919251 0.470894317827604 -0.791678297236412 0.0454555354292763 -0.31285633394162 -0.70392578919601 0.146384088856347 0.50068898475761 -0.781341993148132 0.0363276326266713 0.992795074355227 0.294797672561741 -0.422337703137816 
-0.415829596768985 0.197100967726252 0.308330281315525 -0.750772604602749 -0.0930175711833954 -0.251396117383333 -0.654370308692739 0.48680662991796 -0.14877751802503 -0.997409917412982 -0.514646363218616 0.56661973314668 -0.184589335315204 0.00927962502896773 -0.732780535580954 
