0.875944775113153 -0.872182262718288 -0.190417194840569 -0.565406769313012 0.0989305635527803 -0.342642640440115 -0.39553208994854 0.506533285428233 0.356221169528953 0.555583933031624 -0.616716782885282 -0.797729817499431 0.145510577641525 -0.37709382768373 0.21372299588523 
0.791554898329354 -0.901624077899851 -0.145158115874713 -0.565378156295449 0.1803801481484 -0.305327804282389 -0.397871138667514 0.450865530996993 0.357290613845129 0.568480781475651 -0.586598337703552 -0.812103399347762 0.146036621160035 -0.377720151442571 0.218355918331727 
0.790016383204263 -0.901716383725886 -0.145015994802049 -0.565378066956826 0.180001189055719 -0.305473031134798 -0.39797336739167 0.448672730600626 0.357293956610739 0.568520984544864 -0.585005049910511 -0.813576678143174 0.146038263629344 -0.377721962371247 0.218370193231895 
0.797769774249689 -0.901542239173625 -0.145283986161495 -0.565378235724396 0.180404658346423 -0.305327804281987 -0.397540286050422 0.457919032096419 0.357287644053224 0.568444998819059 -0.591804863885525 -0.807182899539389 0.146035160877735 -0.377718454359183 0.218343112221689 
0.796753075330289 -0.901176310150947 -0.145846923411098 -0.565378590668707 0.18051425192557 -0.305327804280192 -0.397569559973394 0.457369730406493 0.357274370868797 0.568285133722183 -0.591257856562669 -0.807881535361771 0.146028635311054 -0.37771095298899 0.218285994041296 
0.797865308357153 -0.901644373853277 -0.145126865228262 -0.565378136654296 0.180374069614112 -0.305327804282488 -0.397541973922526 0.45786266107202 0.357291348777809 0.568489619725698 -0.59180183453587 -0.807136241167746 0.146036982257956 -0.377720548639023 0.218359055443041 
0.794606313355669 -0.901285927500097 -0.145678301359109 -0.565378484324077 0.180481422183845 -0.30532780428073 -0.397689173595133 0.454803627731246 0.357278347462637 0.568333033943368 -0.58939404856196 -0.809603990097883 0.146030590431771 -0.377713207485005 0.218303116421201 
0.831076388767693 -0.889148801221816 -0.164335558884617 -0.56539028043313 0.145839118487945 -0.321150945847472 -0.396684202819786 0.478618426200289 0.356837460745795 0.563016017413106 -0.602453065299743 -0.803066520992842 0.145813721774099 -0.377454743052676 0.216392796222623 
0.793472085750725 -0.901744965288717 -0.144972138317534 -0.565378039048457 0.180343943085946 -0.305327804282982 -0.397778649857161 0.452808500475892 0.35729499842388 0.56853358689039 -0.588087065688358 -0.81062646383045 0.146038776718077 -0.377722624807374 0.218374779936286 
0.875609040892774 -0.872297656651199 -0.190239806015286 -0.565406657168901 0.0992473178018038 -0.342497413588725 -0.395541628360244 0.506307216164812 0.356225361057812 0.555634479897536 -0.616592880718482 -0.797791733395743 0.145512639384329 -0.377096281893624 0.213741153133882 
0.842910673224299 -0.884673783079894 -0.17121473427149 -0.565394629466175 0.133466728309326 -0.326819498875111 -0.396380326693297 0.485981124339823 0.356674910537012 0.561055764151516 -0.606215199511932 -0.80165893600159 0.145733765836557 -0.377359549632793 0.21568862165321 
0.807523596945896 -0.900049452276178 -0.147580395278335 -0.565379683801009 0.180851739161741 -0.305327804274663 -0.396931651450203 0.471163635047265 0.357233494056242 0.5677927747035 -0.601072234674862 -0.799078114090578 0.146008538333817 -0.377687811016887 0.21811003312432 
0.258726909411478 -0.288377389911738 -0.750287176924891 -0.514570265782331 0.297162080787663 0.365947549867419 0.0853416859569687 -0.0342460214319853 0.769635606449859 -0.438455531112131 -0.252023026930179 0.437630052416413 0.489065593801935 -0.224749884207151 -0.945874668632576 
0.702275159630121 -0.965894972889635 0.489020350151239 -0.0597206601219814 -0.796827483827634 -0.998199255204852 -0.641362074595579 0.288611733954685 -0.699708994338153 0.528357949819583 -0.34927576191224 -0.798015862609267 0.97586014586308 -0.826267762960059 -0.157625847103831 
