0.875944775113153 -0.872182262718288 -0.190417194840569 -0.565406769313012 0.0989305635527803 -0.342642640440115 -0.39553208994854 0.506533285428233 0.356221169528953 0.555583933031624 -0.616716782885282 -0.797729817499431 0.145510577641525 -0.37709382768373 0.21372299588523 
0.877220474236552 -0.868000558584025 -0.19060690227472 -0.565164709466356 0.0990167428215991 -0.342642641664473 -0.399196188977574 0.509015894335489 0.356216159639033 0.561049062037492 -0.616578924047298 -0.80076137095907 0.149960790316285 -0.379560196465445 0.217332770600015 
0.881595097345249 -0.853660672944896 -0.191257446364707 -0.564334638660909 0.0993122684780414 -0.342642645863037 -0.411761104944791 0.517529248382956 0.356198979741508 0.579790063894871 -0.616106178987497 -0.811157163804368 0.165221444532107 -0.388017859929467 0.229711397813 
0.870212278589727 -0.892938693677066 -0.189453634884384 -0.566381084412414 0.0985900307153959 -0.34264263543899 -0.377291575110062 0.499396355668213 0.356241633389581 0.528457055598105 -0.617279894360109 -0.782331789970994 0.123421370864761 -0.370006959921994 0.195805130430462 
0.870044927763063 -0.895156130430982 -0.189334424353152 -0.566316545250059 0.0986183977093601 -0.342642635703484 -0.375303366504009 0.502483127719628 0.356240551126446 0.525559055223149 -0.617250113774794 -0.780426623075538 0.12106155277961 -0.373076405674011 0.193890733250254 
0.875758840919938 -0.872791749524546 -0.190389544826496 -0.565442049734133 0.0989180028536893 -0.342642640261664 -0.394998044510767 0.506171443144444 0.356221899724516 0.554787385998016 -0.616736875923952 -0.797287966097038 0.144861955495332 -0.376734352411555 0.213196868260801 
0.878308529412031 -0.864433945781561 -0.190768705439565 -0.564958254461333 0.0990902458896325 -0.342642642708739 -0.402321331763112 0.511133333644402 0.356211886659178 0.565710319375078 -0.61646134301318 -0.803347009979274 0.15375641645096 -0.381663784426244 0.220411579692767 
0.877032830288632 -0.868615649915824 -0.190578998005414 -0.565200314307989 0.0990040666208137 -0.342642641484381 -0.398657232734078 0.508650724737146 0.356216896549098 0.56024519036921 -0.616599201851163 -0.800315456519635 0.1493062037762 -0.37919741564453 0.216801804977981 
0.876206114529183 -0.871325599813678 -0.190456058259967 -0.565357180990963 0.0989482182170925 -0.342642640690937 -0.396282716395608 0.507041872092716 0.356220143204107 0.556703518047186 -0.616688541156842 -0.798350860813073 0.146422247141252 -0.377599087399995 0.214462493466328 
0.878047189996001 -0.86529060868617 -0.190729842020167 -0.565007842783382 0.0990725912253202 -0.342642642457917 -0.401570705316044 0.510624746979919 0.356212912984024 0.564590734359516 -0.616489584741619 -0.802725966665632 0.152844746951233 -0.381158524709979 0.219672082111669 
0.870418857487659 -0.890296057857184 -0.189595443351653 -0.566455294587135 0.0985572627236247 -0.342642635136591 -0.379660393374714 0.495779423435086 0.356242870758106 0.531910754814921 -0.617313942959055 -0.784598104552411 0.126233690007453 -0.366410312682537 0.198086614739697 
0.765356836184077 -0.902633168233652 -0.0805533133302655 -0.555710572762969 0.0977456292776044 -0.351817984685129 -0.366647057931499 0.569693990576148 0.356013532805342 0.515787173858939 -0.73849670166187 -0.775644771141393 0.113104473979097 -0.439796716228735 0.187421301208616 
-0.202404492163288 -0.128028251755996 -0.959650380518125 -0.86739220091486 0.622768323692851 0.874985326954622 0.499331327853413 0.0519012133832562 -0.414971652168302 0.844631887900006 0.365574104415986 0.475756925286612 -0.148194075165407 0.814783464099645 -0.0937717431661541 
-0.460961158136353 0.466970291671795 0.444102015087428 0.522654213720306 0.804369646033444 -0.622624045993492 -0.903959657952171 0.873988435545 0.475057305523687 -0.997347957453387 0.599583199061259 -0.923650039324374 -0.680527592860408 -0.509441603678019 -0.982658671207101 
