0.837144854819681 -0.886746688117976 -0.168028231367687 -0.565392614839395 0.139328925029495 -0.324139536277434 -0.396530136913501 0.48237809184229 0.356750208784911 0.561963837282143 -0.604329604780799 -0.802447046750244 0.145770804270468 -0.377403678067528 0.216014861788164 
0.853802743017076 -0.880172500020373 -0.178134383067256 -0.565399003864222 0.121278633220415 -0.332415119397175 -0.396116239613369 0.49250275852417 0.356511410700843 0.559084106265125 -0.60934285771137 -0.800868475664248 0.145653343569493 -0.3772638639616 0.214980423009997 
0.847533161015778 -0.882855228675229 -0.174010586341097 -0.565396396334368 0.129256204716999 -0.328785199791675 -0.396230310812822 0.48953724232629 0.356608866955339 0.560259464030991 -0.608163134362513 -0.80068732401684 0.145701282385308 -0.37732106730502 0.215402791187109 
0.838710724100908 -0.886814539982908 -0.167924533221655 -0.565392547904047 0.141205221234837 -0.32335550904666 -0.396368327869016 0.485805763843829 0.356752700784061 0.561994182013896 -0.606901173607111 -0.799963428970153 0.145772034860907 -0.377405532960313 0.21602621300184 
0.852409974038793 -0.880722169049919 -0.177289405936291 -0.565398469676726 0.12278782131093 -0.331723196428921 -0.396150845639834 0.491656233352259 0.356531376650885 0.559324881084764 -0.608923698747206 -0.801000460271933 0.145663164479476 -0.377275553843724 0.215066912619189 
0.839703859584119 -0.886205354934661 -0.168860889342907 -0.565393140114542 0.139218401866096 -0.324252244523165 -0.396372760150753 0.485833977864822 0.356730567954335 0.561727222206432 -0.606689924553269 -0.80046110624792 0.145761147211897 -0.377392501448229 0.21593023428827 
0.851831901727849 -0.881015814997303 -0.176838068758804 -0.565398184187966 0.123786380513612 -0.331274055218795 -0.396152097861933 0.49157054936486 0.356542046046264 0.559453579638964 -0.60897201201778 -0.800811530696266 0.145668413122383 -0.377281845816063 0.215113194324342 
0.875944775113153 -0.872182262718288 -0.190417194840569 -0.565406769313012 0.0989305635527803 -0.342642640440115 -0.39553208994854 0.506533285428233 0.356221169528953 0.555583933031624 -0.616716782885282 -0.797729817499431 0.145510577641525 -0.37709382768373 0.21372299588523 
0.835405118872049 -0.888044768612587 -0.1660334069252 -0.565391352260943 0.144688226069483 -0.321763389096045 -0.396450973101643 0.483800670826251 0.35679738886341 0.562533106598459 -0.605881046898003 -0.800336899568494 0.145794016474822 -0.377431722937186 0.216219831151036 
0.870668328595067 -0.874255806324896 -0.187229754235662 -0.565404753993653 0.104921315680622 -0.33990945631112 -0.395650593429731 0.503595983251346 0.356296492953722 0.556492330990026 -0.615325810482583 -0.798046343129789 0.145547628808329 -0.377137999515067 0.214049385348771 
0.860065612428319 -0.877912462975414 -0.181608573954766 -0.565401200319881 0.114957486122694 -0.335307971706969 -0.395951012995886 0.496471290291706 0.356429316042619 0.558094082956378 -0.611428570992432 -0.799980706821376 0.145612962254925 -0.377215769233941 0.214624759995762 
0.86968190570191 -0.874442299763247 -0.18694300395306 -0.565404572857354 0.105251710650501 -0.339749788130321 -0.395697316566024 0.502564753660697 0.356303264187177 0.556573956340371 -0.61463106960422 -0.798617586342303 0.145550958956093 -0.377141922411389 0.214078658899465 
-0.26737548376777 0.207624214332376 -0.0539396913042011 0.35215225319944 0.327281472891235 0.436509837134047 -0.323927927447449 -0.0782217760934596 0.55431700849641 -0.982502180143493 -0.998690845444189 0.696316708669214 0.307235934449004 0.551780564501779 0.805485291315934 
-0.230629734336692 -0.887748995743575 0.924765551427736 0.26473700500314 0.818915299986915 0.742384130015217 0.628992142914325 0.535391009196355 -0.861690444807378 -0.826396259398384 -0.460898039611475 0.567261945254757 -0.508371935928414 -0.729944240176093 -0.230270539051979 
