0.859941098387883 -0.878170354300879 -0.181212206868286 -0.565400949568217 0.115879912256704 -0.334894729141051 -0.395930026002325 0.496865807028508 0.356438686990671 0.558207126272007 -0.611819844366527 -0.799482423768039 0.145617572264582 -0.377221305152323 0.214665422881561 
0.859719632485965 -0.878251732965352 -0.181087109873523 -0.56540087047812 0.116108997483105 -0.334789954346869 -0.395935698019219 0.496728809549138 0.356441643051295 0.558242775235537 -0.611749124271434 -0.799510215353461 0.145619026317191 -0.377223037283294 0.214678230054101 
0.859396074660512 -0.878341436327687 -0.180949207429613 -0.565400783311445 0.116337042596909 -0.33468457887381 -0.395947197726966 0.496466190730329 0.356444901119006 0.558282062162152 -0.61158828821798 -0.799619820567079 0.145620628855786 -0.377224940802884 0.214692337842329 
0.859489275312652 -0.878315597323926 -0.180988930152085 -0.565400808419757 0.116271354328378 -0.334714932220372 -0.395943885242528 0.496541837935408 0.356443962634409 0.558270745584734 -0.611634616953959 -0.799588248846096 0.145620167245433 -0.377224392495122 0.214688274101756 
0.859626431833825 -0.878277571969113 -0.181047387151051 -0.565400845369808 0.116174685751637 -0.334759601000308 -0.395939010503656 0.496653162344058 0.356442581535892 0.558254091812955 -0.611702795535454 -0.799541787074444 0.145619487927545 -0.377223585591056 0.214682293794674 
0.85965502138653 -0.878269645784661 -0.181059572203855 -0.565400853071851 0.116154535697188 -0.334768911971652 -0.395937994390075 0.496676367329291 0.356442293653198 0.558250620422154 -0.61171700700081 -0.799532102363444 0.145619346327317 -0.377223417396164 0.214681047231237 
0.859460685759947 -0.878323523508378 -0.180976745099281 -0.565400800717714 0.116291504382826 -0.334705621249028 -0.395944901356109 0.496518632950176 0.356444250517104 0.558274216975535 -0.611620405488604 -0.799597933557097 0.14562030884566 -0.377224560690015 0.214689520665193 
0.86188513450575 -0.87742757511062 -0.182354014379466 -0.565401671472209 0.113765227893044 -0.335860861362944 -0.395883361369308 0.498007637433976 0.356411705339671 0.557881733853783 -0.612384684861122 -0.799305605022778 0.145604300231486 -0.377205489602584 0.214548516922989 
0.861775763314972 -0.877467674999545 -0.18229237195876 -0.565401632500074 0.113878031299296 -0.335809265898715 -0.395886172536221 0.497939785548013 0.356413161957334 0.557899300093647 -0.612349580516447 -0.799319543949634 0.14560501672493 -0.377206343102881 0.214554827713021 
0.862776112496356 -0.877111063133641 -0.182840566391521 -0.565401979077943 0.112883234787375 -0.336264647201874 -0.395859349802964 0.498581966589701 0.356400208259204 0.557743084966596 -0.612690556556354 -0.799168152409358 0.145598644973288 -0.377198754832436 0.214498708547505 
0.875944775113153 -0.872182262718288 -0.190417194840569 -0.565406769313012 0.0989305635527803 -0.342642640440115 -0.39553208994854 0.506533285428233 0.356221169528953 0.555583933031624 -0.616716782885282 -0.797729817499431 0.145510577641525 -0.37709382768373 0.21372299588523 
0.859381851949239 -0.878345379440547 -0.180943145617816 -0.565400779479837 0.116347066832318 -0.334679946858107 -0.39594770322246 0.496454646730027 0.356445044334693 0.558283789107292 -0.611581218307842 -0.799624638510534 0.145620699298971 -0.377225024476365 0.214692957981862 
0.857287843645219 0.894228932398478 -0.0360663351770799 -0.842866657228613 0.286533848050299 -0.237168821150981 0.219800305189472 0.080757768396641 0.419027573158512 0.65418289771964 0.0793923321549745 0.465455925774507 0.382277808795813 0.392158319890573 0.98358899167906 
0.539407329419352 0.94922472720464 -0.112843188975399 -0.0729197110388985 -0.730248505124007 0.464725562122057 0.496233214389641 0.553289430939262 0.156940639557755 0.808983490713399 -0.169783747368392 -0.857740106926179 0.782485813732485 -0.52224416636035 0.562045910191744 
